sample_id	rs2228570	rs1544410	rs7975232	rs731236
AAM_0000	0	0	0	1
AAM_0001	2	1	0	1
AAM_0002	1	1	2	0
AAM_0003	1	1	0	1
AAM_0004	0	1	0	1
AAM_0005	0	1	1	2
AAM_0006	0	1	1	2
AAM_0007	2	1	1	0
AAM_0008	1	0	0	1
AAM_0009	1	0	1	0
AAM_0010	0	0	0	1
AAM_0011	2	2	0	0
AAM_0012	1	2	2	0
AAM_0013	0	0	0	1
AAM_0014	0	1	1	1
AAM_0015	0	2	0	0
AAM_0016	0	0	0	1
AAM_0017	1	1	2	1
AAM_0018	1	1	0	0
AAM_0019	0	0	1	1
AAM_0020	1	1	2	0
AAM_0021	0	0	1	1
AAM_0022	0	2	2	1
AAM_0023	0	2	0	0
AAM_0024	1	2	0	0
AAM_0025	1	0	0	1
AAM_0026	0	1	1	2
AAM_0027	1	1	2	1
AAM_0028	1	0	0	1
AAM_0029	0	1	1	1
AAM_0030	1	0	0	0
AAM_0031	0	1	1	1
AAM_0032	0	0	1	1
AAM_0033	2	0	2	0
AAM_0034	2	0	1	0
AAM_0035	1	1	0	0
AAM_0036	0	0	0	1
AAM_0037	0	1	0	2
AAM_0038	1	0	0	0
AAM_0039	1	0	0	1
AAM_0040	0	1	1	0
AAM_0041	1	1	1	2
AAM_0042	0	0	1	0
AAM_0043	2	1	0	1
AAM_0044	0	1	1	1
AAM_0045	1	1	1	1
AAM_0046	0	0	0	1
AAM_0047	1	0	1	1
AAM_0048	1	1	1	1
AAM_0049	0	0	0	0
AAM_0050	2	1	1	0
AAM_0051	1	1	1	1
AAM_0052	2	2	0	0
AAM_0053	2	1	2	0
AAM_0054	1	2	1	1
AAM_0055	2	0	1	2
AAM_0056	0	1	1	1
AAM_0057	0	0	0	0
AAM_0058	0	0	1	0
AAM_0059	0	1	1	2
AAM_0060	0	1	0	0
AAM_0061	0	2	1	0
AAM_0062	1	1	1	1
AAM_0063	0	0	1	1
AAM_0064	0	0	0	1
AAM_0065	1	1	1	0
AAM_0066	0	0	0	0
AAM_0067	1	0	0	2
AAM_0068	0	0	0	0
AAM_0069	2	0	0	1
AAM_0070	1	0	1	1
AAM_0071	0	0	1	1
AAM_0072	0	0	0	0
AAM_0073	1	0	2	0
AAM_0074	1	2	2	1
AAM_0075	1	0	1	2
AAM_0076	1	0	0	2
AAM_0077	0	1	1	0
AAM_0078	0	0	2	0
AAM_0079	0	2	1	2
AAM_0080	2	1	0	1
AAM_0081	1	0	0	2
AAM_0082	0	0	1	0
AAM_0083	0	1	2	1
AAM_0084	0	2	1	1
AAM_0085	0	0	1	1
AAM_0086	1	1	0	1
AAM_0087	1	0	1	0
AAM_0088	2	2	1	1
AAM_0089	1	0	0	0
AAM_0090	0	2	1	1
AAM_0091	1	1	2	2
AAM_0092	1	1	0	1
AAM_0093	1	0	1	2
AAM_0094	1	0	0	0
AAM_0095	1	0	1	1
AAM_0096	1	0	1	2
AAM_0097	1	0	1	0
AAM_0098	0	1	1	0
AAM_0099	0	0	0	1
AAM_0100	0	0	2	0
AAM_0101	1	2	1	1
AAM_0102	0	1	0	2
AAM_0103	1	2	1	1
AAM_0104	2	2	1	0
AAM_0105	0	0	0	1
AAM_0106	1	0	1	1
AAM_0107	1	1	2	0
AAM_0108	0	1	0	1
AAM_0109	0	0	2	1
AAM_0110	0	1	0	1
AAM_0111	0	0	0	0
AAM_0112	2	0	0	1
AAM_0113	1	1	2	0
AAM_0114	1	1	1	0
AAM_0115	2	1	0	2
AAM_0116	1	0	1	1
AAM_0117	0	1	1	0
AAM_0118	2	0	0	0
AAM_0119	1	0	2	0
AAM_0120	1	1	1	0
AAM_0121	2	2	1	0
AAM_0122	0	1	2	0
AAM_0123	0	1	0	1
AAM_0124	0	1	2	1
AAM_0125	1	1	1	1
AAM_0126	1	0	1	1
AAM_0127	1	0	0	0
AAM_0128	0	0	2	2
AAM_0129	1	0	1	2
AAM_0130	1	1	0	1
AAM_0131	0	0	0	1
AAM_0132	0	0	1	2
AAM_0133	0	0	1	1
AAM_0134	2	1	1	0
AAM_0135	0	0	2	1
AAM_0136	1	1	0	1
AAM_0137	1	0	1	1
AAM_0138	0	0	0	1
AAM_0139	2	1	1	0
AAM_0140	2	1	1	1
AAM_0141	0	0	1	2
AAM_0142	1	1	1	1
AAM_0143	0	1	0	1
AAM_0144	0	0	1	0
AAM_0145	0	1	1	1
AAM_0146	1	1	1	2
AAM_0147	1	1	0	1
AAM_0148	0	1	1	1
AAM_0149	0	1	1	1
AAM_0150	2	1	0	1
AAM_0151	0	1	0	0
AAM_0152	0	1	1	1
AAM_0153	1	1	1	1
AAM_0154	2	1	0	1
AAM_0155	0	1	0	1
AAM_0156	1	0	0	2
AAM_0157	1	1	0	0
AAM_0158	0	1	1	2
AAM_0159	1	0	1	0
AAM_0160	0	1	1	1
AAM_0161	1	0	1	0
AAM_0162	1	0	0	0
AAM_0163	1	1	1	1
AAM_0164	0	0	1	0
AAM_0165	1	1	2	1
AAM_0166	0	1	1	2
AAM_0167	0	0	0	0
AAM_0168	0	0	1	1
AAM_0169	1	0	0	1
AAM_0170	1	1	1	1
AAM_0171	0	2	0	0
AAM_0172	1	1	0	0
AAM_0173	0	0	1	0
AAM_0174	1	1	0	0
AAM_0175	0	1	1	0
AAM_0176	1	1	0	1
AAM_0177	0	0	1	2
AAM_0178	2	1	1	1
AAM_0179	0	1	1	1
AAM_0180	0	2	0	0
AAM_0181	0	0	0	0
AAM_0182	2	1	0	0
AAM_0183	2	2	0	0
AAM_0184	0	0	1	1
AAM_0185	1	2	2	1
AAM_0186	1	1	1	1
AAM_0187	1	0	1	1
AAM_0188	1	0	1	2
AAM_0189	0	1	1	1
AAM_0190	0	0	0	0
AAM_0191	2	1	2	2
AAM_0192	2	0	1	2
AAM_0193	1	1	1	0
AAM_0194	0	0	0	1
AAM_0195	0	1	1	1
AAM_0196	1	2	1	2
AAM_0197	2	2	1	2
AAM_0198	2	1	1	0
AAM_0199	1	0	0	1
AAM_0200	1	1	2	1
AAM_0201	0	0	0	1
AAM_0202	0	0	1	0
AAM_0203	2	0	0	2
AAM_0204	1	0	1	1
AAM_0205	0	1	2	2
AAM_0206	0	1	0	2
AAM_0207	1	0	1	1
AAM_0208	0	0	0	1
AAM_0209	0	2	2	1
AAM_0210	1	0	1	0
AAM_0211	1	0	1	1
AAM_0212	1	0	0	0
AAM_0213	0	1	2	1
AAM_0214	1	1	1	0
AAM_0215	0	0	0	0
AAM_0216	0	0	1	0
AAM_0217	1	1	0	0
AAM_0218	1	1	1	1
AAM_0219	1	0	0	1
AAM_0220	1	2	1	1
AAM_0221	1	0	1	0
AAM_0222	0	0	0	0
AAM_0223	0	2	0	0
AAM_0224	0	0	0	0
AAM_0225	0	1	1	2
AAM_0226	2	0	0	0
AAM_0227	0	0	1	1
AAM_0228	2	2	0	0
AAM_0229	1	0	0	0
AAM_0230	1	1	1	1
AAM_0231	1	0	0	1
AAM_0232	1	0	2	0
AAM_0233	1	0	1	0
AAM_0234	0	1	1	1
AAM_0235	1	0	1	0
AAM_0236	0	1	2	0
AAM_0237	0	0	0	2
AAM_0238	1	2	0	1
AAM_0239	0	0	0	1
AAM_0240	2	1	1	1
AAM_0241	2	1	0	1
AAM_0242	2	1	1	1
AAM_0243	0	1	2	1
AAM_0244	0	1	1	1
AAM_0245	2	1	1	0
AAM_0246	1	0	0	1
AAM_0247	2	0	1	1
AAM_0248	2	1	1	2
AAM_0249	1	1	0	1
AAM_0250	0	1	0	1
AAM_0251	0	0	2	0
AAM_0252	1	0	1	1
AAM_0253	0	0	1	0
AAM_0254	0	1	2	1
AAM_0255	1	0	1	0
AAM_0256	2	0	1	1
AAM_0257	1	0	1	0
AAM_0258	1	0	0	1
AAM_0259	0	1	1	2
AAM_0260	1	0	1	0
AAM_0261	2	1	1	1
AAM_0262	0	0	2	1
AAM_0263	1	0	1	0
AAM_0264	2	0	1	1
AAM_0265	1	0	1	0
AAM_0266	1	0	1	1
AAM_0267	1	0	1	1
AAM_0268	0	1	0	1
AAM_0269	0	0	1	1
AAM_0270	1	1	0	0
AAM_0271	1	1	0	0
AAM_0272	2	1	1	1
AAM_0273	2	0	1	1
AAM_0274	1	0	2	2
AAM_0275	1	0	1	1
AAM_0276	1	0	1	2
AAM_0277	1	2	1	1
AAM_0278	1	0	1	0
AAM_0279	1	0	0	1
AAM_0280	2	1	0	1
AAM_0281	0	1	0	0
AAM_0282	0	1	1	2
AAM_0283	0	0	0	2
AAM_0284	1	0	0	1
AAM_0285	0	0	0	0
AAM_0286	1	0	2	1
AAM_0287	1	0	0	1
AAM_0288	0	0	1	2
AAM_0289	1	0	0	0
AAM_0290	0	0	1	0
AAM_0291	0	0	0	2
AAM_0292	1	1	0	1
AAM_0293	0	1	1	1
AAM_0294	0	1	0	2
AAM_0295	1	0	0	0
AAM_0296	1	0	0	1
AAM_0297	0	0	0	0
AAM_0298	1	1	0	1
AAM_0299	0	1	0	1
AAM_0300	0	0	1	1
AAM_0301	1	2	1	2
AAM_0302	1	0	1	1
AAM_0303	1	1	0	0
AAM_0304	1	1	2	0
AAM_0305	2	1	0	1
AAM_0306	1	1	0	1
AAM_0307	0	1	1	0
AAM_0308	1	0	0	1
AAM_0309	0	1	0	1
AAM_0310	1	0	1	1
AAM_0311	0	1	1	1
AAM_0312	0	1	1	1
AAM_0313	2	1	1	0
AAM_0314	1	0	2	0
AAM_0315	1	1	0	1
AAM_0316	1	1	0	1
AAM_0317	0	1	0	0
AAM_0318	0	0	0	1
AAM_0319	0	0	0	1
AAM_0320	1	0	2	1
AAM_0321	1	0	1	0
AAM_0322	1	1	1	1
AAM_0323	0	0	0	1
AAM_0324	2	2	1	1
AAM_0325	1	0	2	1
AAM_0326	1	0	1	1
AAM_0327	1	1	0	1
AAM_0328	1	1	1	0
AAM_0329	0	0	0	1
AAM_0330	0	1	0	1
AAM_0331	1	1	0	1
AAM_0332	0	0	1	0
AAM_0333	0	2	1	0
AAM_0334	0	2	0	2
AAM_0335	0	1	0	1
AAM_0336	1	0	1	2
AAM_0337	1	1	0	1
AAM_0338	1	0	0	1
AAM_0339	0	0	0	1
AAM_0340	1	0	1	2
AAM_0341	1	0	0	1
AAM_0342	0	1	0	1
AAM_0343	1	1	0	0
AAM_0344	1	1	2	1
AAM_0345	1	0	1	1
AAM_0346	1	0	1	0
AAM_0347	0	0	0	0
AAM_0348	0	2	1	0
AAM_0349	1	0	0	0
AAM_0350	1	1	1	0
AAM_0351	1	1	2	1
AAM_0352	1	0	1	2
AAM_0353	0	1	1	1
AAM_0354	0	0	1	0
AAM_0355	1	1	0	0
AAM_0356	0	1	2	1
AAM_0357	1	0	0	1
AAM_0358	2	0	1	1
AAM_0359	1	1	0	1
AAM_0360	0	1	0	1
AAM_0361	1	0	0	0
AAM_0362	1	1	0	1
AAM_0363	1	1	1	0
AAM_0364	2	1	1	2
AAM_0365	0	0	0	1
AAM_0366	2	1	0	0
AAM_0367	2	1	1	0
AAM_0368	0	0	0	0
AAM_0369	0	0	1	1
AAM_0370	0	2	1	0
AAM_0371	0	0	1	1
AAM_0372	0	1	1	0
AAM_0373	1	0	1	1
AAM_0374	0	0	1	1
AAM_0375	0	1	0	1
AAM_0376	1	0	0	1
AAM_0377	0	0	1	0
AAM_0378	1	0	1	0
AAM_0379	0	1	1	1
AAM_0380	0	0	1	1
AAM_0381	1	0	1	1
AAM_0382	1	2	2	0
AAM_0383	2	0	1	0
AAM_0384	1	1	0	0
AAM_0385	1	0	1	2
AAM_0386	0	1	0	0
AAM_0387	0	0	1	1
AAM_0388	1	2	1	0
AAM_0389	1	0	1	1
AAM_0390	2	0	0	0
AAM_0391	1	0	0	2
AAM_0392	0	0	1	2
AAM_0393	1	1	0	0
AAM_0394	0	0	2	2
AAM_0395	2	1	0	2
AAM_0396	1	0	0	2
AAM_0397	1	0	0	2
AAM_0398	1	1	1	0
AAM_0399	1	1	1	1
AAM_0400	0	0	0	0
AAM_0401	2	0	0	0
AAM_0402	1	0	0	2
AAM_0403	1	1	0	0
AAM_0404	0	1	1	1
AAM_0405	2	0	1	1
AAM_0406	0	1	0	2
AAM_0407	0	1	0	2
AAM_0408	2	1	2	0
AAM_0409	0	1	1	0
AAM_0410	0	0	1	1
AAM_0411	2	0	0	0
AAM_0412	2	0	1	0
AAM_0413	1	0	0	1
AAM_0414	1	1	1	1
AAM_0415	1	2	2	1
AAM_0416	0	0	0	0
AAM_0417	0	0	0	1
AAM_0418	1	0	0	0
AAM_0419	1	2	0	0
AAM_0420	1	0	0	1
AAM_0421	1	0	0	1
AAM_0422	0	0	1	1
AAM_0423	1	0	1	0
AAM_0424	0	2	0	2
AAM_0425	1	2	2	1
AAM_0426	1	0	0	1
AAM_0427	2	2	2	1
AAM_0428	0	1	0	2
AAM_0429	0	1	2	1
AAM_0430	0	0	1	1
AAM_0431	1	0	1	2
AAM_0432	1	0	2	1
AAM_0433	0	1	0	1
AAM_0434	0	0	2	1
AAM_0435	1	0	0	1
AAM_0436	0	0	0	0
AAM_0437	1	1	0	1
AAM_0438	1	0	1	2
AAM_0439	0	1	0	2
AAM_0440	0	2	1	1
AAM_0441	2	0	1	1
AAM_0442	0	1	1	0
AAM_0443	0	0	1	2
AAM_0444	1	1	1	2
AAM_0445	2	0	0	1
AAM_0446	2	1	0	1
AAM_0447	1	1	0	1
AAM_0448	0	2	0	1
AAM_0449	0	1	0	0
AAM_0450	1	0	0	1
AAM_0451	1	1	2	1
AAM_0452	1	1	1	1
AAM_0453	2	1	0	1
AAM_0454	0	0	1	2
AAM_0455	1	2	0	0
AAM_0456	0	1	1	1
AAM_0457	1	1	1	1
AAM_0458	0	0	1	1
AAM_0459	0	1	0	1
AAM_0460	0	0	2	0
AAM_0461	1	1	2	0
AAM_0462	1	0	1	1
AAM_0463	1	1	1	1
AAM_0464	2	2	1	0
AAM_0465	0	0	0	1
AAM_0466	0	2	0	1
AAM_0467	2	0	0	1
AAM_0468	0	1	1	2
AAM_0469	2	1	1	0
AAM_0470	0	1	0	0
AAM_0471	2	1	2	1
AAM_0472	0	1	2	1
AAM_0473	2	0	1	1
AAM_0474	1	0	1	2
AAM_0475	2	1	1	1
AAM_0476	0	1	0	2
AAM_0477	1	1	1	1
AAM_0478	2	1	0	1
AAM_0479	1	0	1	1
AAM_0480	1	1	0	0
AAM_0481	1	0	1	1
AAM_0482	1	1	2	0
AAM_0483	1	0	0	2
AAM_0484	1	0	1	1
AAM_0485	2	0	2	1
AAM_0486	0	0	1	1
AAM_0487	0	1	1	0
AAM_0488	2	0	1	0
AAM_0489	2	0	0	1
AAM_0490	1	0	0	0
AAM_0491	1	0	0	1
AAM_0492	0	0	1	2
AAM_0493	0	0	0	2
AAM_0494	1	1	1	1
AAM_0495	0	1	1	0
AAM_0496	1	1	1	2
AAM_0497	0	0	1	2
AAM_0498	2	0	2	0
AAM_0499	2	1	0	1
AAM_0500	1	1	1	0
AAM_0501	1	0	1	1
AAM_0502	0	0	1	2
AAM_0503	1	0	2	0
AAM_0504	1	0	0	2
AAM_0505	0	0	0	1
AAM_0506	2	1	1	2
AAM_0507	1	1	1	1
AAM_0508	2	1	1	2
AAM_0509	1	1	2	0
AAM_0510	1	1	0	0
AAM_0511	1	1	2	0
AAM_0512	2	2	1	2
AAM_0513	2	0	1	1
AAM_0514	0	0	1	2
AAM_0515	0	0	2	2
AAM_0516	0	1	0	0
AAM_0517	1	1	1	1
AAM_0518	2	0	1	0
AAM_0519	0	2	1	0
AAM_0520	1	0	1	0
AAM_0521	0	2	0	1
AAM_0522	2	0	0	0
AAM_0523	1	0	0	0
AAM_0524	1	0	1	0
AAM_0525	1	0	0	0
AAM_0526	1	0	0	2
AAM_0527	0	0	2	1
AAM_0528	0	1	0	2
AAM_0529	2	1	2	1
AAM_0530	1	0	1	0
AAM_0531	2	1	1	1
AAM_0532	2	1	0	0
AAM_0533	1	0	0	0
AAM_0534	1	0	1	0
AAM_0535	2	0	1	0
AAM_0536	1	0	1	0
AAM_0537	0	1	0	1
AAM_0538	1	0	1	1
AAM_0539	0	1	1	0
AAM_0540	2	1	1	0
AAM_0541	1	0	1	1
AAM_0542	0	1	1	0
AAM_0543	1	0	1	1
AAM_0544	1	2	0	2
AAM_0545	0	0	1	0
AAM_0546	0	1	0	0
AAM_0547	1	1	0	1
AAM_0548	1	0	0	0
AAM_0549	1	1	0	1
AAM_0550	1	2	0	1
AAM_0551	1	1	0	0
AAM_0552	1	1	1	1
AAM_0553	1	1	2	1
AAM_0554	2	0	0	0
AAM_0555	1	0	2	1
AAM_0556	0	1	1	0
AAM_0557	0	0	0	1
AAM_0558	1	1	0	0
AAM_0559	1	1	1	1
AAM_0560	1	0	1	0
AAM_0561	0	0	1	1
AAM_0562	0	1	0	0
AAM_0563	0	0	0	1
AAM_0564	0	1	0	1
AAM_0565	1	0	0	1
AAM_0566	0	1	0	1
AAM_0567	1	0	0	1
AAM_0568	2	1	1	1
AAM_0569	0	0	2	2
AAM_0570	1	1	0	0
AAM_0571	1	0	2	1
AAM_0572	0	1	0	2
AAM_0573	1	1	1	2
AAM_0574	1	0	0	2
AAM_0575	2	0	1	1
AAM_0576	0	0	2	0
AAM_0577	2	1	1	1
AAM_0578	1	1	0	1
AAM_0579	0	1	1	1
AAM_0580	1	0	0	1
AAM_0581	2	0	2	2
AAM_0582	1	1	1	1
AAM_0583	0	0	1	2
AAM_0584	1	2	1	1
AAM_0585	0	0	1	0
AAM_0586	0	1	0	1
AAM_0587	0	0	1	1
AAM_0588	0	0	0	0
AAM_0589	0	1	1	0
AAM_0590	0	1	1	2
AAM_0591	1	2	1	0
AAM_0592	0	0	1	1
AAM_0593	0	0	1	1
AAM_0594	2	1	0	1
AAM_0595	1	1	1	1
AAM_0596	1	0	0	0
AAM_0597	0	0	1	1
AAM_0598	0	0	0	1
AAM_0599	0	1	0	1
AAM_0600	0	0	1	0
AAM_0601	0	0	0	1
AAM_0602	0	0	1	0
AAM_0603	0	0	0	0
AAM_0604	0	0	0	0
AAM_0605	1	1	1	0
AAM_0606	0	0	0	2
AAM_0607	0	1	0	0
AAM_0608	1	0	1	2
AAM_0609	1	1	0	2
AAM_0610	0	1	1	1
AAM_0611	1	1	0	0
AAM_0612	1	1	0	1
AAM_0613	0	0	1	1
AAM_0614	2	0	0	1
AAM_0615	2	1	0	0
AAM_0616	0	2	0	1
AAM_0617	0	1	0	2
AAM_0618	1	1	1	1
AAM_0619	1	1	0	0
AAM_0620	0	0	1	1
AAM_0621	0	0	2	0
AAM_0622	0	1	1	0
AAM_0623	1	2	2	2
AAM_0624	1	0	0	0
AAM_0625	0	1	2	0
AAM_0626	1	0	0	0
AAM_0627	1	1	1	2
AAM_0628	0	0	1	1
AAM_0629	0	0	0	1
AAM_0630	1	1	1	1
AAM_0631	2	0	1	0
AAM_0632	1	1	0	1
AAM_0633	1	1	0	1
AAM_0634	0	2	1	0
AAM_0635	1	0	1	1
AAM_0636	1	0	2	2
AAM_0637	0	0	1	0
AAM_0638	0	2	2	0
AAM_0639	0	2	1	0
AAM_0640	0	1	0	0
AAM_0641	0	1	0	2
AAM_0642	0	1	1	1
AAM_0643	0	1	1	1
AAM_0644	0	0	0	1
AAM_0645	2	1	0	0
AAM_0646	1	0	2	1
AAM_0647	1	1	1	1
AAM_0648	1	1	1	1
AAM_0649	1	1	1	2
AAM_0650	0	0	0	1
AAM_0651	1	0	0	1
AAM_0652	1	0	0	2
AAM_0653	1	0	0	0
AAM_0654	1	0	1	0
AAM_0655	0	2	0	0
AAM_0656	0	1	1	1
AAM_0657	0	0	1	1
AAM_0658	1	0	0	1
AAM_0659	1	0	1	2
AAM_0660	0	1	1	1
AAM_0661	2	0	2	1
AAM_0662	1	1	0	0
AAM_0663	0	0	1	0
AAM_0664	0	2	1	1
AAM_0665	0	1	0	1
AAM_0666	0	0	0	2
AAM_0667	0	2	1	0
AAM_0668	0	0	1	0
AAM_0669	0	1	0	1
AAM_0670	0	0	1	0
AAM_0671	2	1	0	0
AAM_0672	0	1	1	1
AAM_0673	1	1	0	0
AAM_0674	1	1	2	1
AAM_0675	2	0	0	0
AAM_0676	0	0	0	0
AAM_0677	1	0	0	1
AAM_0678	2	0	0	1
AAM_0679	2	1	1	1
AAM_0680	1	0	0	1
AAM_0681	0	2	1	0
AAM_0682	0	1	0	1
AAM_0683	1	1	0	0
AAM_0684	2	0	0	1
AAM_0685	1	1	0	1
AAM_0686	1	2	0	2
AAM_0687	0	0	0	1
AAM_0688	1	1	1	0
AAM_0689	0	1	0	0
AAM_0690	0	0	1	2
AAM_0691	1	0	1	1
AAM_0692	1	0	0	1
AAM_0693	0	0	1	0
AAM_0694	0	0	2	1
AAM_0695	1	0	1	0
AAM_0696	0	0	1	2
AAM_0697	1	0	0	1
AAM_0698	0	2	1	2
AAM_0699	1	1	1	0
AAM_0700	1	2	1	1
AAM_0701	0	0	2	1
AAM_0702	0	0	0	0
AAM_0703	0	0	0	2
AAM_0704	0	0	1	2
AAM_0705	2	0	1	2
AAM_0706	0	1	0	1
AAM_0707	1	0	0	0
AAM_0708	0	1	0	0
AAM_0709	1	1	0	2
AAM_0710	1	0	1	0
AAM_0711	1	0	1	1
AAM_0712	1	1	0	1
AAM_0713	1	0	0	1
AAM_0714	0	0	0	2
AAM_0715	2	2	0	0
AAM_0716	1	0	1	1
AAM_0717	2	1	2	0
AAM_0718	0	2	1	1
AAM_0719	1	0	0	0
AAM_0720	2	0	2	1
AAM_0721	0	0	1	2
AAM_0722	0	0	1	2
AAM_0723	1	0	1	0
AAM_0724	1	1	0	1
AAM_0725	1	0	0	2
AAM_0726	0	0	0	0
AAM_0727	1	2	0	0
AAM_0728	0	1	0	0
AAM_0729	0	1	1	1
AAM_0730	0	0	1	0
AAM_0731	1	1	1	2
AAM_0732	1	1	0	1
AAM_0733	1	0	2	1
AAM_0734	0	0	2	0
AAM_0735	2	1	1	1
AAM_0736	0	0	2	1
AAM_0737	1	0	1	1
AAM_0738	1	0	2	1
AAM_0739	0	0	0	1
AAM_0740	1	1	0	2
AAM_0741	0	1	0	1
AAM_0742	1	1	0	1
AAM_0743	1	0	0	0
AAM_0744	0	0	1	0
AAM_0745	2	0	1	0
AAM_0746	0	0	1	1
AAM_0747	1	0	0	1
AAM_0748	2	1	1	1
AAM_0749	1	0	1	2
AAM_0750	0	1	0	2
AAM_0751	2	0	1	2
AAM_0752	1	0	0	0
AAM_0753	0	0	0	1
AAM_0754	0	2	2	0
AAM_0755	1	1	0	0
AAM_0756	1	2	1	0
AAM_0757	1	0	2	1
AAM_0758	2	0	1	1
AAM_0759	1	1	0	2
AAM_0760	0	0	0	0
AAM_0761	0	1	0	1
AAM_0762	0	0	1	1
AAM_0763	1	0	1	0
AAM_0764	0	0	0	1
AAM_0765	1	0	2	0
AAM_0766	1	1	1	1
AAM_0767	2	0	0	1
AAM_0768	0	0	1	0
AAM_0769	1	0	1	0
AAM_0770	0	0	0	1
AAM_0771	1	1	0	2
AAM_0772	0	1	1	1
AAM_0773	1	2	1	1
AAM_0774	1	1	1	1
AAM_0775	0	0	1	2
AAM_0776	0	1	0	1
AAM_0777	1	0	0	1
AAM_0778	1	0	1	1
AAM_0779	1	1	0	2
AAM_0780	1	0	0	1
AAM_0781	1	1	1	0
AAM_0782	0	0	2	0
AAM_0783	0	1	1	2
AAM_0784	0	1	1	1
AAM_0785	2	1	0	0
AAM_0786	1	1	2	1
AAM_0787	1	1	0	1
AAM_0788	1	0	2	0
AAM_0789	2	1	2	2
AAM_0790	0	0	1	0
AAM_0791	1	1	2	0
AAM_0792	1	0	1	1
AAM_0793	1	1	0	1
AAM_0794	0	0	1	0
AAM_0795	2	0	1	1
AAM_0796	2	1	0	1
AAM_0797	1	0	1	0
AAM_0798	1	0	2	0
AAM_0799	2	0	0	1
AAM_0800	1	2	1	0
AAM_0801	0	1	2	2
AAM_0802	1	0	2	1
AAM_0803	1	0	2	2
AAM_0804	1	0	1	0
AAM_0805	1	1	2	2
AAM_0806	2	1	1	1
AAM_0807	2	0	0	1
AAM_0808	1	0	1	0
AAM_0809	0	0	1	0
AAM_0810	2	1	0	1
AAM_0811	1	1	1	1
AAM_0812	0	0	1	0
AAM_0813	2	0	0	1
AAM_0814	2	0	1	0
AAM_0815	1	2	1	1
AAM_0816	1	0	1	1
AAM_0817	1	1	0	1
AAM_0818	0	1	0	1
AAM_0819	0	0	0	1
AAM_0820	1	0	2	1
AAM_0821	0	0	0	1
AAM_0822	0	1	1	1
AAM_0823	1	1	0	0
AAM_0824	1	1	0	0
AAM_0825	2	1	1	0
AAM_0826	0	0	1	1
AAM_0827	0	2	0	1
AAM_0828	1	1	1	2
AAM_0829	1	0	0	0
AAM_0830	0	2	1	1
AAM_0831	1	1	1	1
AAM_0832	0	1	0	2
AAM_0833	0	1	0	1
AAM_0834	1	1	0	1
AAM_0835	1	1	2	0
AAM_0836	2	0	2	2
AAM_0837	0	0	0	0
AAM_0838	1	2	1	2
AAM_0839	1	0	0	1
AAM_0840	0	0	0	1
AAM_0841	1	0	1	0
AAM_0842	0	0	2	1
AAM_0843	2	1	2	1
AAM_0844	0	2	1	0
AAM_0845	1	0	0	1
AAM_0846	0	0	1	2
AAM_0847	2	0	0	1
AAM_0848	1	1	1	1
AAM_0849	1	1	0	0
AAM_0850	0	0	1	1
AAM_0851	1	1	0	0
AAM_0852	0	1	0	1
AAM_0853	2	1	2	2
AAM_0854	0	1	0	1
AAM_0855	0	0	1	0
AAM_0856	0	1	0	1
AAM_0857	1	0	0	1
AAM_0858	1	1	0	1
AAM_0859	0	1	0	2
AAM_0860	1	1	1	1
AAM_0861	1	1	0	1
AAM_0862	1	0	2	1
AAM_0863	1	1	1	0
AAM_0864	1	2	1	0
AAM_0865	1	2	1	1
AAM_0866	0	0	1	1
AAM_0867	0	0	1	1
AAM_0868	1	0	0	1
AAM_0869	2	1	0	0
AAM_0870	0	1	2	1
AAM_0871	0	0	2	0
AAM_0872	1	0	2	0
AAM_0873	1	1	0	2
AAM_0874	0	1	1	0
AAM_0875	0	1	1	1
AAM_0876	1	1	1	0
AAM_0877	1	0	0	2
AAM_0878	0	0	1	1
AAM_0879	0	1	0	0
AAM_0880	0	1	0	1
AAM_0881	1	1	1	1
AAM_0882	0	1	0	2
AAM_0883	0	1	0	0
AAM_0884	1	0	0	2
AAM_0885	0	0	2	2
AAM_0886	1	0	1	2
AAM_0887	0	0	0	1
AAM_0888	0	1	1	1
AAM_0889	0	2	1	1
AAM_0890	1	0	0	1
AAM_0891	1	0	1	1
AAM_0892	1	1	1	1
AAM_0893	1	0	1	1
AAM_0894	1	1	0	1
AAM_0895	0	1	1	2
AAM_0896	0	1	1	0
AAM_0897	2	0	0	2
AAM_0898	0	0	1	1
AAM_0899	0	1	0	2
AAM_0900	0	1	0	1
AAM_0901	0	0	1	1
AAM_0902	0	1	0	2
AAM_0903	1	0	0	0
AAM_0904	1	1	1	2
AAM_0905	2	0	0	1
AAM_0906	1	2	2	1
AAM_0907	0	0	0	0
AAM_0908	0	0	0	1
AAM_0909	0	0	0	0
AAM_0910	1	0	0	0
AAM_0911	0	1	0	0
AAM_0912	1	2	1	0
AAM_0913	1	0	2	2
AAM_0914	1	0	0	2
AAM_0915	1	1	1	1
AAM_0916	0	1	1	1
AAM_0917	2	1	1	1
AAM_0918	1	0	1	1
AAM_0919	0	0	0	1
AAM_0920	2	1	0	2
AAM_0921	1	0	1	1
AAM_0922	2	1	1	1
AAM_0923	1	0	0	0
AAM_0924	1	1	0	2
AAM_0925	0	0	2	0
AAM_0926	0	1	1	1
AAM_0927	1	0	2	1
AAM_0928	1	1	1	1
AAM_0929	0	0	0	0
AAM_0930	0	1	1	2
AAM_0931	1	1	1	0
AAM_0932	2	1	0	1
AAM_0933	1	1	1	0
AAM_0934	0	1	1	0
AAM_0935	0	1	0	1
AAM_0936	0	0	1	1
AAM_0937	2	1	1	0
AAM_0938	0	0	2	0
AAM_0939	1	0	0	1
AAM_0940	0	0	0	1
AAM_0941	1	0	1	2
AAM_0942	1	1	0	0
AAM_0943	1	1	1	1
AAM_0944	0	1	1	0
AAM_0945	0	0	0	0
AAM_0946	0	0	1	1
AAM_0947	2	0	1	1
AAM_0948	2	0	0	0
AAM_0949	1	0	2	0
AAM_0950	1	0	1	0
AAM_0951	1	0	1	2
AAM_0952	0	1	1	2
AAM_0953	2	1	1	0
AAM_0954	1	2	2	0
AAM_0955	0	2	1	2
AAM_0956	1	1	1	2
AAM_0957	0	0	1	1
AAM_0958	0	1	0	0
AAM_0959	1	1	1	0
AAM_0960	0	0	0	1
AAM_0961	1	0	0	1
AAM_0962	0	1	0	0
AAM_0963	0	0	2	1
AAM_0964	0	1	1	0
AAM_0965	0	1	1	1
AAM_0966	1	0	1	0
AAM_0967	0	0	1	0
AAM_0968	1	0	2	1
AAM_0969	1	0	1	1
AAM_0970	1	0	0	2
AAM_0971	2	1	0	1
AAM_0972	1	0	1	0
AAM_0973	0	0	1	1
AAM_0974	0	0	0	0
AAM_0975	0	2	0	2
AAM_0976	1	0	1	1
AAM_0977	0	0	0	1
AAM_0978	1	1	1	0
AAM_0979	1	1	2	1
AAM_0980	0	0	1	2
AAM_0981	1	1	0	1
AAM_0982	0	0	1	0
AAM_0983	0	0	1	0
AAM_0984	1	0	1	1
AAM_0985	1	0	2	2
AAM_0986	1	1	0	0
AAM_0987	1	0	1	1
AAM_0988	0	0	1	1
AAM_0989	1	1	1	2
AAM_0990	1	1	0	0
AAM_0991	1	0	1	0
AAM_0992	0	1	1	1
AAM_0993	1	0	0	0
AAM_0994	0	1	0	1
AAM_0995	0	1	1	1
AAM_0996	2	2	0	0
AAM_0997	0	0	0	1
AAM_0998	2	0	0	1
AAM_0999	1	0	1	0
